1 0.8533653846153847 0.5444711538461539 0.12980769230769232 0.30528846153846156
1 0.8918269230769231 0.37980769230769235 0.09615384615384616 0.125
1 0.8016826923076924 0.38822115384615385 0.08413461538461539 0.11778846153846155
0 0.7572115384615385 0.3581730769230769 0.04807692307692308 0.10576923076923078
0 0.703125 0.3293269230769231 0.05048076923076923 0.08173076923076923
0 0.6754807692307693 0.36778846153846156 0.04807692307692308 0.125
1 0.6490384615384616 0.3810096153846154 0.057692307692307696 0.1466346153846154
1 0.6105769230769231 0.4495192307692308 0.10576923076923078 0.22115384615384617
1 0.6117788461538461 0.30168269230769235 0.026442307692307696 0.03125
1 0.6502403846153847 0.30528846153846156 0.026442307692307696 0.04326923076923077
1 0.4747596153846154 0.3978365384615385 0.10336538461538462 0.19471153846153846
1 0.4290865384615385 0.31730769230769235 0.03125 0.06730769230769232
1 0.4074519230769231 0.38461538461538464 0.05528846153846154 0.17307692307692307
1 0.3449519230769231 0.40384615384615385 0.11778846153846155 0.2403846153846154
1 0.28605769230769235 0.3125 0.0625 0.09615384615384616
1 0.2355769230769231 0.4098557692307693 0.1201923076923077 0.24278846153846156
1 0.1466346153846154 0.46875 0.19711538461538464 0.3269230769230769
1 0.03485576923076923 0.3245192307692308 0.05048076923076923 0.11538461538461539
