0 0.17427884615384617 0.4651442307692308 0.2091346153846154 0.2764423076923077
0 0.05528846153846154 0.4098557692307693 0.10096153846153846 0.21875
0 0.5132211538461539 0.4447115384615385 0.15625 0.2692307692307693
0 0.4182692307692308 0.3665865384615385 0.08653846153846154 0.0889423076923077
1 0.9182692307692308 0.4807692307692308 0.15865384615384617 0.27884615384615385
1 0.9747596153846154 0.3858173076923077 0.040865384615384616 0.09855769230769232
1 0.7728365384615385 0.45793269230769235 0.09855769230769232 0.2043269230769231
0 0.8233173076923077 0.39903846153846156 0.040865384615384616 0.09615384615384616
1 0.7836538461538461 0.3786057692307693 0.028846153846153848 0.05528846153846154
1 0.6694711538461539 0.45793269230769235 0.16105769230769232 0.23798076923076925
1 0.5949519230769231 0.3701923076923077 0.05048076923076923 0.06730769230769232
1 0.29086538461538464 0.38461538461538464 0.07211538461538462 0.06730769230769232
1 0.3509615384615385 0.4807692307692308 0.11057692307692309 0.22115384615384617
