2 0.06666666666666667 0.4022222222222222 0.10444444444444445 0.43555555555555553
2 0.28 0.5244444444444445 0.17333333333333334 0.68
2 0.4255555555555556 0.3844444444444444 0.07333333333333333 0.38222222222222224
2 0.5255555555555556 0.35555555555555557 0.12666666666666668 0.44
2 0.7005555555555556 0.5133333333333333 0.23222222222222222 0.8177777777777778
2 0.905 0.31333333333333335 0.16111111111111112 0.5244444444444445
1 0.17 0.4222222222222222 0.08222222222222222 0.3244444444444444
1 0.8011111111111111 0.3422222222222222 0.10444444444444445 0.31555555555555553
1 0.7344444444444445 0.28 0.03777777777777778 0.14666666666666667
1 0.14055555555555554 0.30444444444444446 0.034444444444444444 0.09777777777777778
