0 0.1975 0.52375 0.13833333333333334 0.5175
0 0.6950000000000001 0.7375 0.11666666666666667 0.325
0 0.6066666666666667 0.43125 0.12000000000000001 0.28250000000000003
0 0.43000000000000005 0.66 0.1 0.27
0 0.2991666666666667 0.4925 0.07166666666666667 0.305
0 0.11750000000000001 0.48 0.08833333333333333 0.27
2 0.9666666666666667 0.47875 0.06666666666666667 0.2025
2 0.8366666666666667 0.46375 0.07333333333333333 0.20750000000000002
2 0.8008333333333334 0.47375 0.06833333333333334 0.1875
2 0.7200000000000001 0.47625 0.08 0.2025
2 0.4891666666666667 0.5025000000000001 0.055 0.195
2 0.4675 0.5075000000000001 0.065 0.195
2 0.4066666666666667 0.49 0.06666666666666667 0.17
2 0.02416666666666667 0.52625 0.04833333333333334 0.1975
