2 0.08508224617129893 0.556115107913669 0.16335791264889393 0.8647482014388489
2 0.2773681225184345 0.620863309352518 0.22121384004537722 0.8388489208633094
2 0.5195689166193987 0.5784172661870504 0.25297787861599547 0.8402877697841726
2 0.766023823028928 0.5086330935251798 0.2535450935904708 0.9769784172661871
2 0.9021554169030063 0.37841726618705035 0.17867271695972775 0.6302158273381295
2 0.612024957458877 0.37841726618705035 0.13613159387407828 0.44028776978417267
0 0.38996029495178675 0.4273381294964029 0.11854792966534318 0.5007194244604317
0 0.1905842314237096 0.43453237410071943 0.11571185479296654 0.38848920863309355
0 0.4526375496313103 0.44100719424460433 0.07487237663074306 0.3064748201438849
0 0.9739081111741351 0.4474820143884892 0.0952921157118548 0.3194244604316547
