2 0.05233333333333333 0.4174418604651163 0.102 0.6162790697674418
2 0.14066666666666666 0.40581395348837207 0.08533333333333333 0.5697674418604651
2 0.16766666666666666 0.20930232558139533 0.035333333333333335 0.19534883720930232
2 0.20166666666666666 0.4 0.056666666666666664 0.4883720930232558
2 0.2573333333333333 0.41511627906976745 0.07866666666666666 0.4813953488372093
2 0.33499999999999996 0.4011627906976744 0.06999999999999999 0.46744186046511627
2 0.33266666666666667 0.20348837209302326 0.06533333333333333 0.25813953488372093
2 0.40199999999999997 0.3709302325581395 0.06666666666666667 0.45348837209302323
2 0.44066666666666665 0.3313953488372093 0.04533333333333333 0.4441860465116279
2 0.48333333333333334 0.3372093023255814 0.08 0.4511627906976744
2 0.5356666666666666 0.27209302325581397 0.038 0.27906976744186046
2 0.5663333333333334 0.36511627906976746 0.07666666666666666 0.46511627906976744
2 0.604 0.20813953488372092 0.05466666666666666 0.22093023255813954
2 0.641 0.40581395348837207 0.07533333333333334 0.5
2 0.6993333333333334 0.5046511627906977 0.09466666666666666 0.5581395348837209
2 0.7366666666666667 0.28488372093023256 0.04666666666666666 0.32790697674418606
2 0.8143333333333334 0.4372093023255814 0.09133333333333334 0.6046511627906976
2 0.7693333333333333 0.3023255813953488 0.04533333333333333 0.37209302325581395
2 0.8416666666666667 0.2255813953488372 0.049999999999999996 0.3023255813953488
2 0.939 0.4453488372093023 0.12866666666666665 0.7
0 0.8723333333333333 0.45232558139534884 0.048666666666666664 0.6627906976744186
2 0.2843333333333333 0.24186046511627907 0.038 0.21395348837209302
0 0.6803333333333333 0.24186046511627907 0.043333333333333335 0.2837209302325581
