2 0.292 0.6085 0.08700000000000001 0.245
2 0.35625 0.6055 0.0605 0.221
2 0.40975 0.792 0.0825 0.22
2 0.41725 0.589 0.0575 0.2
2 0.47650000000000003 0.616 0.051000000000000004 0.23600000000000002
2 0.51125 0.627 0.0365 0.20400000000000001
2 0.5437500000000001 0.666 0.07150000000000001 0.246
2 0.5670000000000001 0.5675 0.039 0.177
2 0.6155 0.5585 0.054 0.163
2 0.62575 0.6315000000000001 0.0685 0.231
2 0.6685 0.6085 0.049 0.227
2 0.7285 0.7105 0.08700000000000001 0.23700000000000002
2 0.70725 0.5760000000000001 0.0375 0.148
2 0.75125 0.586 0.0445 0.182
2 0.82125 0.6865 0.0805 0.233
2 0.8415 0.58 0.064 0.2
2 0.47325 0.189 0.0825 0.182
