1 0.13701923076923078 0.46153846153846156 0.09134615384615385 0.15865384615384617
1 0.24278846153846156 0.4591346153846154 0.0625 0.12980769230769232
1 0.390625 0.42307692307692313 0.03605769230769231 0.057692307692307696
1 0.28605769230769235 0.42307692307692313 0.038461538461538464 0.06730769230769232
1 0.4254807692307693 0.46875 0.07692307692307693 0.14423076923076925
1 0.45072115384615385 0.4254807692307693 0.03605769230769231 0.05288461538461539
1 0.5036057692307693 0.45072115384615385 0.07932692307692309 0.16105769230769232
1 0.5853365384615385 0.43028846153846156 0.0889423076923077 0.1778846153846154
1 0.7163461538461539 0.47836538461538464 0.10096153846153846 0.21634615384615385
1 0.8882211538461539 0.4795673076923077 0.13221153846153846 0.28605769230769235
0 0.3389423076923077 0.4651442307692308 0.07211538461538462 0.18028846153846154
