2 0.054086538461538464 0.48197115384615385 0.05528846153846154 0.09375
2 0.12980769230769232 0.5036057692307693 0.1201923076923077 0.18990384615384617
2 0.2620192307692308 0.4879807692307693 0.11057692307692309 0.1875
2 0.3425480769230769 0.4879807692307693 0.05528846153846154 0.15865384615384617
2 0.4098557692307693 0.4795673076923077 0.0889423076923077 0.18990384615384617
2 0.4747596153846154 0.4639423076923077 0.040865384615384616 0.14903846153846154
2 0.5288461538461539 0.4555288461538462 0.06730769230769232 0.1514423076923077
2 0.5865384615384616 0.5048076923076923 0.10576923076923078 0.1875
2 0.686298076923077 0.4375 0.0889423076923077 0.22596153846153846
2 0.7620192307692308 0.5216346153846154 0.13942307692307693 0.3028846153846154
